     0/299        0G    0.1065   0.01099   0.05863    0.1761         3       320         0         0         0         0   0.08267  0.008601   0.04426
     1/299        0G   0.09593   0.01143   0.05497    0.1623         2       320    0.1437   0.03125  0.005724 0.0005959   0.07282   0.01029   0.04338
     2/299        0G   0.08291   0.01287   0.05404    0.1498         2       320 0.0008268   0.07805 0.0002392 4.044e-05   0.07008  0.009804   0.04194
     3/299        0G   0.07342    0.0138   0.05288    0.1401         2       320     0.138    0.1667   0.01362  0.002718   0.05663   0.01064   0.04081
     4/299        0G   0.06849    0.0137   0.05202    0.1342         2       320   0.00272   0.03125  0.002791 0.0008647   0.05296   0.01091   0.04071
     5/299        0G   0.06465   0.01429   0.05099    0.1299         2       320  0.008524   0.08333  0.006776 0.0008453   0.05075   0.01108    0.0405
     6/299        0G   0.06151   0.01504   0.05114    0.1277         2       320    0.6772    0.0625   0.06944   0.01367   0.04554   0.01156   0.03991
     7/299        0G   0.05529   0.01445   0.04877    0.1185         2       320   0.01599    0.2812   0.02201  0.004777   0.04326   0.01159   0.03919
     8/299        0G   0.05746    0.0153   0.05115    0.1239         2       320  0.007414    0.4062   0.01395  0.002557   0.04038    0.0116   0.03892
     9/299        0G   0.05184    0.0154   0.04916    0.1164         2       320     0.404    0.0625   0.02602  0.004138   0.04013   0.01141   0.03864
    10/299        0G   0.04926   0.01492   0.04893    0.1131         2       320    0.6203    0.0625   0.08083   0.01684   0.03699   0.01113   0.03857
    11/299        0G   0.04857   0.01524   0.04897    0.1128         2       320   0.04638    0.2083   0.04878   0.01555    0.0341   0.01066   0.03915
    12/299        0G   0.04365   0.01421   0.04828    0.1061         2       320    0.1788    0.4966    0.1701   0.07345    0.0321  0.009975   0.03982
    13/299        0G   0.04155   0.01298   0.04708    0.1016         2       320    0.1859    0.7486    0.2119    0.1203   0.03009  0.009288   0.04002
    14/299        0G   0.04148   0.01363    0.0492    0.1043         2       320    0.2124    0.8622    0.2377    0.1267   0.02811  0.008898    0.0402
    15/299        0G   0.04085   0.01399   0.04815     0.103         3       320    0.1572    0.9062    0.1829    0.1073   0.02498  0.008454   0.04052
    16/299        0G   0.03909   0.01213    0.0477   0.09891         2       320    0.3206    0.6042    0.3029    0.1584   0.02872  0.007679   0.04031
    17/299        0G   0.03756   0.01194   0.04673   0.09623         2       320    0.4457    0.5188    0.3022    0.1477   0.02606  0.007646   0.03969
    18/299        0G    0.0374   0.01198   0.04596   0.09534         3       320    0.1543    0.9644    0.3117    0.2136   0.02629  0.007159   0.03933
    19/299        0G   0.03615   0.01184   0.04596   0.09395         2       320     0.144    0.9565    0.2853    0.1321   0.02301  0.007052   0.03906
    20/299        0G   0.03542   0.01121   0.04683   0.09345         2       320    0.1459    0.9311    0.3045    0.1273   0.02494   0.00685   0.03912
    21/299        0G   0.03484   0.01157   0.04525   0.09165         5       320    0.1811    0.9321    0.3296    0.2297   0.01929  0.006851   0.03915
    22/299        0G   0.03205   0.01109   0.04522   0.08835         2       320    0.1854    0.9359    0.3827    0.2518   0.02152  0.006705   0.03902
    23/299        0G   0.03329   0.01073   0.04564   0.08966         2       320    0.4858    0.5332    0.4645    0.2645   0.02016  0.006553   0.03874
    24/299        0G   0.02885   0.01042   0.04452   0.08379         2       320    0.5801    0.3941    0.4729    0.3319   0.01798  0.006548   0.03847
    25/299        0G   0.03279   0.01102   0.04761   0.09142         2       320    0.4879    0.4836    0.4887    0.2794   0.01907  0.006365   0.03831
    26/299        0G   0.03147   0.00938   0.04448   0.08533         2       320    0.6303    0.4048    0.5311    0.3077   0.01954  0.006082   0.03823
    27/299        0G   0.03049   0.01033   0.04386   0.08469         2       320    0.5313       0.5    0.5041    0.3592   0.01728  0.006203   0.03785
    28/299        0G    0.0288   0.01021   0.04508   0.08409         2       320    0.5466       0.5    0.5076    0.2908   0.01897  0.005959   0.03772
    29/299        0G   0.03195    0.0105   0.04602   0.08846         3       320    0.6559    0.4091    0.4832    0.3552   0.01989  0.005713   0.03731
    30/299        0G   0.03174  0.009855   0.04686   0.08846         2       320    0.6662    0.4167    0.5154    0.2828   0.01939  0.005901   0.03704
    31/299        0G   0.02836  0.008723   0.04273   0.07981         2       320    0.4368    0.4792    0.5097    0.2825   0.01806  0.005656   0.03671
    32/299        0G   0.02967   0.00963   0.04457   0.08387         2       320    0.4871    0.4772    0.5445    0.2993   0.01742  0.005335   0.03636
    33/299        0G   0.02967   0.00904   0.04365   0.08235         2       320    0.4697    0.7325    0.5417    0.4165     0.016  0.005338     0.036
    34/299        0G   0.02884  0.009065   0.04471   0.08262         2       320    0.4366    0.6517    0.5337    0.4313   0.01362  0.005376    0.0359
    35/299        0G   0.02579  0.008593   0.04171   0.07609         2       320    0.4933    0.5104    0.5313    0.3667    0.0162  0.005168   0.03565
    36/299        0G   0.03002  0.009221   0.04447   0.08371         5       320    0.4317    0.5632    0.5427    0.3331   0.01547  0.005112   0.03529
    37/299        0G   0.02678  0.008672    0.0424   0.07785         2       320    0.3675    0.7371    0.5259    0.3608    0.0146  0.005164   0.03524
    38/299        0G    0.0242  0.008287   0.04111    0.0736         4       320     0.516    0.5104    0.5497    0.3996   0.01481  0.005167   0.03498
    39/299        0G   0.02566  0.008861   0.04191   0.07643         2       320     0.292    0.9184    0.5109    0.3352   0.01509  0.005115   0.03467
    40/299        0G   0.02519  0.008259   0.04172   0.07517         2       320    0.3962    0.5833    0.5247    0.3612    0.0172  0.004948   0.03449
    41/299        0G   0.02879  0.008525   0.04107   0.07838         2       320    0.4735    0.5774    0.5747     0.288   0.01967  0.004943   0.03435
    42/299        0G   0.02828  0.008583   0.04229   0.07915         3       320    0.4126    0.6089    0.5553    0.4167   0.01431  0.004923   0.03433
    43/299        0G   0.02622  0.008283   0.04189    0.0764         2       320    0.3989     0.625    0.5347    0.4042   0.01507  0.004852    0.0341
    44/299        0G   0.02472  0.008448   0.04083     0.074         5       320    0.3936     0.717    0.5583    0.3792    0.0135  0.004807   0.03396
    45/299        0G   0.02405  0.008146   0.04114   0.07334         2       320    0.4113    0.7188    0.5256    0.3531   0.01469   0.00464   0.03382
    46/299        0G    0.0255  0.008541   0.04184   0.07588         2       320    0.4253     0.657    0.5428    0.3363   0.01654  0.004555   0.03388
    47/299        0G   0.02602  0.008239   0.04064    0.0749         2       320    0.4126     0.625    0.5843    0.3949   0.01426  0.004483    0.0337
    48/299        0G   0.02551  0.008463   0.04097   0.07494         5       320    0.3844    0.8438    0.5401    0.4169     0.012  0.004534   0.03335
    49/299        0G   0.02265  0.007739   0.03952   0.06992         2       320    0.3904    0.8378    0.5358    0.3776   0.01299  0.004554   0.03298
    50/299        0G   0.02337  0.007778   0.03854   0.06969         2       320    0.4317    0.6781    0.5961    0.3526   0.01482  0.004498   0.03274
    51/299        0G   0.02545    0.0078    0.0391   0.07235         2       320     0.445    0.6405    0.5972    0.2514    0.0191  0.004493   0.03258
    52/299        0G   0.02697  0.007672   0.04014   0.07478         5       320    0.5175    0.6744    0.6415    0.3156   0.01738  0.004453    0.0323
    53/299        0G   0.02414  0.007684   0.03872   0.07055         3       320     0.456    0.6667     0.583    0.4411   0.01243  0.004535   0.03209
    54/299        0G    0.0238  0.008065   0.03825   0.07012         3       320    0.4786     0.645    0.6199    0.4412    0.0133  0.004578    0.0318
    55/299        0G    0.0235  0.007407   0.03901   0.06992         2       320    0.5647    0.6525    0.6801    0.5215   0.01345    0.0044    0.0317
    56/299        0G   0.02549  0.008362   0.03846   0.07232         2       320    0.5651    0.6132    0.7035    0.3998   0.01615  0.004327   0.03171
    57/299        0G   0.02639  0.008215     0.039    0.0736         5       320    0.5342    0.6371    0.7484    0.5431   0.01464  0.004218   0.03162
    58/299        0G   0.02476   0.00788    0.0379   0.07054         2       320    0.5182    0.6854    0.6898    0.4844   0.01353  0.004264    0.0313
    59/299        0G   0.02084  0.007121   0.03766   0.06563         5       320    0.5389    0.6921    0.6667    0.5401   0.01241  0.004324   0.03113
    60/299        0G   0.02258  0.007558   0.03685   0.06699         2       320    0.5697    0.6654    0.7076    0.5512   0.01348    0.0042   0.03094
    61/299        0G   0.02229  0.006844   0.03603   0.06516         2       320    0.5448    0.7076    0.6854    0.5511   0.01366  0.004125   0.03077
    62/299        0G   0.02437  0.007874   0.03614   0.06839         2       320    0.6831    0.6821    0.7358    0.4216   0.02036  0.004269   0.03101
    63/299        0G   0.02793  0.007429   0.03638   0.07173         2       320    0.6341    0.6869    0.6943     0.478   0.01872   0.00427   0.03074
    64/299        0G   0.02448  0.008098   0.03713    0.0697         2       320    0.5274      0.75    0.6568     0.497   0.01151  0.004329   0.03043
    65/299        0G    0.0205  0.007521    0.0361   0.06413         5       320    0.5191      0.75    0.7044    0.5995   0.01165  0.004203   0.03027
    66/299        0G   0.02287  0.007632    0.0365   0.06701         2       320     0.559    0.7265    0.7279    0.6066    0.0114  0.004123    0.0302
    67/299        0G   0.02285  0.007239   0.03537   0.06546         2       320    0.6124    0.6652    0.7383    0.5232   0.01689  0.004152   0.03032
    68/299        0G   0.02662  0.007594   0.03555   0.06977         2       320    0.6013    0.6286     0.717    0.4989   0.01824  0.004139   0.03031
    69/299        0G   0.02381  0.007611   0.03599   0.06741         2       320    0.6596    0.6033    0.7249    0.5857   0.01108  0.004132   0.02942
    70/299        0G   0.02139  0.007283   0.03463   0.06331         3       320    0.5777    0.7188    0.7265    0.5903   0.01247  0.004109   0.02876
    71/299        0G   0.02254  0.007537   0.03431   0.06439         2       320    0.7928    0.6089    0.7497    0.5756   0.01318  0.004053   0.02833
    72/299        0G   0.02378  0.007097   0.03432   0.06519         2       320    0.7727    0.7007    0.7759    0.5316   0.01451  0.004048   0.02816
    73/299        0G   0.02491  0.007362   0.03523    0.0675         2       320    0.7059    0.7183    0.8117    0.5156   0.01677  0.004034   0.02804
    74/299        0G   0.02263  0.006343   0.03265   0.06163         2       320    0.8263    0.6668    0.8013    0.5898     0.013  0.004083   0.02772
    75/299        0G   0.02041  0.007575   0.03497   0.06296         2       320    0.8936    0.6598    0.8384    0.6995   0.01036   0.00401   0.02743
    76/299        0G   0.01966  0.006771   0.03373   0.06016         2       320    0.7039    0.7668    0.8374    0.6045    0.0112  0.003877   0.02718
    77/299        0G     0.021  0.006674   0.03383    0.0615         3       320    0.7244    0.8348    0.8427    0.6192   0.01358  0.003839   0.02695
    78/299        0G   0.02253  0.007131   0.03137   0.06102         2       320    0.5789    0.7842    0.8171    0.3303   0.01932  0.003815   0.02675
    79/299        0G   0.02495  0.007371   0.03335   0.06567         2       320    0.6459    0.8469    0.7905    0.5315    0.0137  0.003894   0.02623
    80/299        0G   0.01991  0.006696   0.03213   0.05874         2       320    0.6601    0.8548    0.7959    0.6216   0.01187  0.004053   0.02593
    81/299        0G   0.02321  0.006966   0.03242    0.0626         3       320    0.6616    0.8594     0.806    0.5164   0.01408  0.003912    0.0256
    82/299        0G   0.02228  0.007056   0.03218   0.06152         5       320     0.668      0.86    0.8426    0.6432   0.01164  0.003745   0.02541
    83/299        0G   0.02331  0.007248   0.03308   0.06364         2       320    0.7252    0.8446    0.9089    0.6381   0.01573  0.003836   0.02529
    84/299        0G   0.02652  0.006813   0.02992   0.06326         2       320    0.5336    0.8633    0.7063    0.4847   0.02626  0.003999   0.02563
    85/299        0G   0.02506  0.006999   0.03198   0.06403         2       320    0.6587      0.75    0.8885    0.6193   0.01204  0.004069   0.02506
    86/299        0G   0.02024  0.006792   0.03148   0.05851         2       320    0.8591      0.75    0.8939    0.7224   0.01108  0.003981   0.02495
    87/299        0G   0.02027   0.00646   0.03137    0.0581         2       320    0.8771      0.75    0.8937    0.6803   0.01183  0.003786   0.02512
    88/299        0G   0.02273  0.007244   0.03111   0.06108         2       320    0.8705      0.75    0.8801    0.4214   0.01779   0.00389   0.02503
    89/299        0G   0.02679  0.007755   0.03369   0.06824         2       320    0.8492      0.75     0.917    0.6729   0.01764  0.003798   0.02486
    90/299        0G   0.02201  0.006293    0.0286    0.0569         2       320    0.8773      0.75    0.9145    0.5407   0.01479  0.003839   0.02407
    91/299        0G   0.02159  0.007575   0.03013    0.0593         2       320    0.7716    0.8237    0.9257    0.7418   0.01078  0.003871   0.02366
    92/299        0G    0.0222  0.006957   0.03096   0.06012         5       320    0.8247    0.8436    0.9294    0.7616   0.01115  0.003737   0.02339
    93/299        0G   0.02077  0.006914   0.03002    0.0577         2       320    0.8627    0.8397    0.9353    0.6768    0.0138  0.003783   0.02326
    94/299        0G   0.02449  0.006913   0.03023   0.06163         2       320    0.7673    0.8125    0.8695    0.4788   0.01743  0.003769   0.02355
    95/299        0G     0.023  0.007006   0.03093   0.06093         2       320    0.7718     0.813    0.9202    0.6087   0.01366  0.003715   0.02302
    96/299        0G   0.02043  0.006293   0.02879   0.05551         2       320    0.7781    0.8131    0.9114    0.4725   0.01361  0.003761   0.02258
    97/299        0G   0.02104  0.006911   0.02823   0.05618         2       320    0.7511     0.843    0.9149    0.6615   0.01117  0.003721   0.02281
    98/299        0G   0.02273  0.007278   0.02856   0.05856         3       320    0.7966    0.8438    0.9222    0.6337    0.0133  0.003724   0.02235
    99/299        0G   0.02196  0.006387   0.02979   0.05814         2       320    0.7779    0.8438    0.9193    0.7186   0.01257  0.003693   0.02212
   100/299        0G   0.02049  0.006548   0.02764   0.05467         2       320    0.8252    0.8438    0.9223     0.721    0.0111  0.003716   0.02172
   101/299        0G   0.01956  0.006257   0.02629   0.05211         2       320    0.8366    0.8437    0.9327     0.651   0.01166  0.003687   0.02115
   102/299        0G   0.02096  0.006485   0.02784   0.05529         2       320    0.8925    0.8495    0.9389    0.6848   0.01145  0.003708   0.02075
   103/299        0G   0.02016  0.006376   0.02595   0.05248         2       320    0.8224    0.7991    0.8975    0.5114    0.0165   0.00376   0.02043
   104/299        0G   0.02225  0.006701   0.02714   0.05609         4       320    0.8165    0.8481    0.9286    0.5715   0.01493  0.003691   0.02044
   105/299        0G   0.02028  0.006488   0.02596   0.05273         2       320    0.8331    0.8438    0.9389     0.716   0.01612  0.003873   0.02039
   106/299        0G   0.02061  0.006595   0.02542   0.05262         2       320    0.8599    0.8264    0.9412     0.632   0.01322  0.003789   0.01994
   107/299        0G   0.02088  0.006741   0.02657    0.0542         2       320    0.8343    0.8439    0.9389    0.7113   0.01157  0.003729   0.01984
   108/299        0G   0.02146  0.006638   0.02696   0.05506         2       320    0.8338    0.8214     0.939    0.6559   0.01131  0.003676   0.01971
   109/299        0G   0.02242  0.006941   0.02646   0.05583         3       320    0.7838    0.8489    0.9415    0.6053    0.0176  0.003757   0.01974
   110/299        0G   0.02441  0.006951   0.02749   0.05885         2       320    0.7711     0.812     0.939    0.5301   0.01849  0.003809   0.01963
   111/299        0G   0.02276  0.006297   0.02636   0.05542         2       320    0.7279     0.875     0.939    0.7218   0.01188  0.003759   0.01936
   112/299        0G   0.01975  0.006673   0.02588    0.0523         3       320    0.8029    0.8438    0.9389    0.6698   0.01188  0.003761   0.01916
   113/299        0G   0.02013  0.006602   0.02538   0.05211         2       320    0.8189    0.8411     0.941    0.7152   0.01127  0.003647   0.01894
   114/299        0G   0.02023  0.006673   0.02403   0.05094         5       320    0.8855    0.7923     0.941    0.5642   0.01443  0.003751   0.01869
   115/299        0G   0.02286  0.006816   0.02622   0.05589         2       320    0.7121    0.7804    0.8102      0.45   0.01815  0.003731   0.01858
   116/299        0G   0.02296  0.006134   0.02404   0.05313         2       320    0.8228    0.8743     0.941    0.7317   0.01174  0.003727   0.01803
   117/299        0G   0.01986  0.006351   0.02352   0.04973         2       320    0.8418    0.8746     0.941    0.7334   0.01267  0.003747   0.01769
   118/299        0G   0.02021  0.006129   0.02413   0.05047         2       320    0.8576     0.875    0.9483    0.6294   0.01296  0.003687   0.01759
   119/299        0G   0.02112  0.006297   0.02392   0.05134         2       320    0.8123     0.875    0.9483    0.6625   0.01365  0.003677   0.01758
   120/299        0G   0.02258   0.00642    0.0234   0.05241         2       320    0.6852    0.8127    0.8166    0.5924   0.01715  0.003794   0.01767
   121/299        0G   0.02304   0.00697   0.02495   0.05496         2       320    0.7549    0.8748    0.9245    0.6231   0.01386  0.003705    0.0173
   122/299        0G   0.02085  0.006508   0.02292   0.05028         2       320    0.7985    0.8743    0.9515    0.6671   0.01287  0.003717   0.01684
   123/299        0G   0.02164  0.006903   0.02397   0.05251         5       320      0.77    0.8123     0.922    0.4588   0.01605  0.003715   0.01675
   124/299        0G   0.02135  0.005925   0.02239   0.04966         5       320    0.7251    0.8436    0.9325    0.6343   0.01433  0.003736   0.01658
   125/299        0G   0.02262  0.006234   0.02152   0.05038         2       320    0.7475    0.8332    0.9351    0.6971    0.0166  0.003876   0.01666
   126/299        0G   0.02409   0.00708   0.02374    0.0549         5       320    0.7831    0.8749    0.9427    0.6664   0.01341  0.003775   0.01663
   127/299        0G   0.02148  0.006827   0.02408   0.05238         3       320    0.7819     0.844    0.9508    0.7817   0.01124  0.003653   0.01658
   128/299        0G   0.02193  0.006505   0.02351   0.05194         2       320    0.8156    0.8674    0.9516    0.7563   0.01189  0.003604   0.01651
   129/299        0G   0.02071  0.006508   0.02397   0.05118         2       320    0.8312     0.875    0.9512     0.689    0.0144  0.003674     0.016
   130/299        0G   0.02185   0.00636   0.02244   0.05064         2       320    0.8656     0.875    0.9511    0.6831    0.0149  0.003687   0.01574
   131/299        0G   0.02277  0.006396   0.02052   0.04969         2       320    0.7747     0.875    0.9505    0.6506   0.01707  0.003831    0.0153
   132/299        0G   0.02126  0.006216     0.021   0.04847         3       320    0.8734     0.875    0.9507    0.6057   0.01603  0.003835   0.01524
   133/299        0G   0.02337  0.006737   0.02363   0.05374         4       320     0.859     0.869    0.9501    0.5378   0.01495  0.003879   0.01499
   134/299        0G   0.02289  0.007095   0.02435   0.05433         2       320    0.9205    0.8439    0.9426    0.7033   0.01287  0.003933   0.01467
   135/299        0G   0.02211  0.006906   0.02268   0.05169         2       320    0.8394    0.8439    0.9501    0.5604   0.01432  0.003864   0.01442
   136/299        0G    0.0238  0.007052   0.02355    0.0544         2       320    0.8118    0.8744    0.9584    0.7186   0.01343  0.003882   0.01438
   137/299        0G   0.02045  0.006589   0.02047    0.0475         4       320    0.8446     0.875    0.9661      0.78   0.01085  0.003891   0.01394
   138/299        0G   0.01989  0.006264   0.02208   0.04824         2       320    0.8912     0.875     0.966    0.7579   0.01109  0.003892   0.01374
   139/299        0G   0.02092  0.006877   0.02163   0.04942         2       320    0.8522     0.875    0.9663    0.7592   0.01079  0.003896   0.01357
   140/299        0G   0.01958  0.006503   0.01976   0.04585         2       320    0.8915     0.875    0.9657    0.7196   0.01328  0.003887   0.01328
   141/299        0G     0.024  0.006749   0.02043   0.05118         2       320    0.8235     0.875    0.9659    0.5672   0.02131  0.004129   0.01311
   142/299        0G   0.02511  0.007145   0.01996   0.05222         2       320    0.6494    0.9688    0.9415    0.6113   0.01491  0.003972   0.01277
   143/299        0G   0.02187  0.006194   0.01912   0.04719         2       320    0.7083    0.9569    0.9665    0.6618    0.0128  0.003987   0.01285
   144/299        0G   0.02474  0.007048   0.02179   0.05358         2       320    0.9012     0.875    0.9659    0.7326   0.01582  0.003921   0.01276
   145/299        0G   0.02285  0.006515   0.01875   0.04811         2       320    0.6599    0.9383    0.9036    0.5689   0.01684  0.003957   0.01271
   146/299        0G   0.02319  0.007036   0.01973   0.04996         2       320    0.7019     0.875    0.9529    0.5447   0.01791  0.003863   0.01321
   147/299        0G    0.0255  0.006321   0.02073   0.05255         2       320     0.741    0.8749    0.9551    0.6686   0.01476  0.003814   0.01338
   148/299        0G   0.02106  0.006507   0.02021   0.04777         3       320    0.8039     0.875    0.9657    0.6719   0.01257   0.00379   0.01297
   149/299        0G   0.02157  0.006593   0.02072   0.04889         2       320    0.8209     0.875    0.9659    0.7175   0.01404  0.003938   0.01259
   150/299        0G   0.02152   0.00644    0.0194   0.04736         3       320    0.8351     0.875     0.966    0.7496   0.01282  0.003954   0.01236
   151/299        0G   0.02046  0.006109    0.0187   0.04527         2       320    0.7968     0.875    0.9661    0.7499   0.01268   0.00385   0.01238
   152/299        0G   0.02068  0.006061   0.01717   0.04391         2       320    0.9033     0.875    0.9664    0.7465   0.01601  0.003821   0.01226
   153/299        0G   0.02136  0.006755   0.01958   0.04769         2       320    0.9175     0.875    0.9664    0.7847   0.01143  0.003805   0.01208
   154/299        0G   0.01902   0.00608   0.01665   0.04175         5       320    0.9158    0.8627    0.9665    0.7666   0.01095  0.003776   0.01213
   155/299        0G   0.02106  0.006789   0.01958   0.04742         2       320    0.9135    0.8457    0.9663    0.7556   0.01436  0.003807   0.01183
   156/299        0G    0.0216  0.006678   0.01958   0.04786         2       320    0.8715    0.8746    0.9664    0.8152   0.01344  0.003757   0.01173
   157/299        0G    0.0201  0.006303   0.01761   0.04401         2       320    0.9089    0.8127     0.967    0.7629   0.01237  0.003877   0.01185
   158/299        0G    0.0227  0.006833   0.01992   0.04945         2       320    0.7243    0.9688    0.9669    0.7995   0.01215  0.003742   0.01155
   159/299        0G    0.0197  0.006347   0.01723   0.04328         2       320    0.9436     0.875    0.9667    0.7236   0.01352  0.003816   0.01147
   160/299        0G   0.02121  0.006401   0.01729   0.04489         2       320    0.8896     0.875    0.9667    0.5935   0.01649  0.003876   0.01131
   161/299        0G    0.0229  0.006312   0.01782   0.04703         2       320     0.875    0.8749    0.9661    0.6548   0.01626  0.003856   0.01094
   162/299        0G   0.02197  0.006203   0.01828   0.04646         3       320    0.8975     0.875    0.9658    0.7697   0.01269  0.003833   0.01072
   163/299        0G   0.01951  0.006657   0.01853    0.0447         2       320    0.7887    0.9688    0.9663    0.8358   0.01124  0.003737   0.01075
   164/299        0G   0.01854  0.006186   0.01834   0.04307         2       320    0.8009    0.9682    0.9662    0.7763   0.01151  0.003834   0.01068
   165/299        0G   0.02049  0.006696   0.01875   0.04594         2       320    0.7932    0.9688    0.9661    0.8289  0.009867   0.00375   0.01066
   166/299        0G   0.01843  0.006048   0.01855   0.04303         2       320    0.7973    0.9688    0.9658    0.8126   0.00969  0.003733   0.01038
   167/299        0G   0.01753   0.00658   0.01747   0.04157         2       320     0.785    0.9685    0.9649    0.7895   0.01194  0.003812   0.01025
   168/299        0G   0.02096  0.006153   0.01684   0.04396         3       320    0.9517     0.875    0.9657    0.6625    0.0144  0.003822   0.01001
   169/299        0G   0.02015  0.006495   0.01756    0.0442         5       320    0.9583     0.875    0.9653    0.7223   0.01227  0.003757  0.009959
   170/299        0G   0.01977  0.006722   0.01919   0.04568         2       320    0.9459    0.8744    0.9652    0.7135   0.01163   0.00378  0.009929
   171/299        0G   0.01923  0.006674   0.01693   0.04284         2       320    0.7853    0.9684    0.9551    0.7302    0.0133  0.003762  0.009773
   172/299        0G   0.02229  0.006583   0.01713     0.046         2       320    0.9269    0.8745    0.9657    0.6822   0.01669  0.003837  0.009711
   173/299        0G   0.02247  0.006157   0.01733   0.04595         2       320    0.8392    0.8749    0.9558    0.6474   0.01541  0.003766  0.009653
   174/299        0G   0.02017  0.005837   0.01442   0.04043         2       320    0.8002    0.9685    0.9656      0.77   0.01313  0.003801  0.009415
   175/299        0G   0.02023  0.006533   0.01766   0.04443         2       320    0.7601    0.9688    0.9406    0.6958   0.01486  0.003876  0.009541
   176/299        0G   0.02234  0.006355    0.0166   0.04529         2       320    0.9193    0.8648    0.9663    0.7336   0.01411   0.00379  0.009626
   177/299        0G   0.02019  0.006319   0.01813   0.04463         3       320    0.7867    0.9687    0.9668    0.8316   0.01145  0.003769  0.009504
   178/299        0G   0.01986  0.006055   0.01611   0.04203         2       320    0.8294    0.9688     0.967    0.8264   0.01198  0.003678  0.009565
   179/299        0G   0.01833   0.00577   0.01659   0.04069         2       320    0.8268    0.9683    0.9671    0.8361   0.01072  0.003596  0.009376
   180/299        0G    0.0182  0.006553   0.01693   0.04169         2       320    0.8177    0.9684    0.9669    0.8774   0.01018   0.00363  0.009151
   181/299        0G   0.01878  0.005986   0.01656   0.04133         2       320    0.8253    0.9688    0.9666    0.8209   0.01064  0.003675  0.008997
   182/299        0G    0.0185  0.006255   0.01566   0.04041         2       320    0.8312    0.9684    0.9672    0.8155   0.01083  0.003638  0.008803
   183/299        0G   0.02122  0.006829   0.01767   0.04572         2       320    0.8241    0.9688    0.9673    0.8016   0.01203  0.003717  0.008736
   184/299        0G   0.01825  0.006235   0.01545   0.03994         2       320    0.8314    0.9688    0.9677     0.856   0.01074   0.00363   0.00864
   185/299        0G    0.0188  0.006648   0.01632   0.04177         2       320    0.8226    0.9686    0.9671    0.8373  0.009816  0.003554  0.008584
   186/299        0G   0.02075  0.006274   0.01627   0.04329         2       320    0.8462    0.9684    0.9672    0.7852   0.01385  0.003628  0.008588
   187/299        0G   0.01947  0.006118   0.01534   0.04093         2       320    0.8401    0.9686    0.9675    0.8487   0.01022  0.003661  0.008416
   188/299        0G    0.0204    0.0072   0.01698   0.04458         2       320    0.8339    0.9684    0.9681    0.7189   0.01158  0.003614  0.008321
   189/299        0G   0.01987  0.006328   0.01553   0.04172         2       320    0.8283    0.9688    0.9675    0.8311   0.01053  0.003561  0.008405
   190/299        0G   0.01804  0.005564   0.01466   0.03826         2       320    0.7909    0.9688    0.9677    0.8144   0.01053  0.003629  0.008243
   191/299        0G   0.01935  0.006335   0.01459   0.04027         2       320    0.8412    0.9686    0.9675    0.7477   0.01128  0.003655  0.008149
   192/299        0G   0.02063  0.006059   0.01461    0.0413         2       320    0.8515    0.9688    0.9671    0.7135   0.01308  0.003682  0.008145
   193/299        0G   0.01882  0.006051   0.01447   0.03933         2       320     0.848    0.9686    0.9675    0.8459   0.01131  0.003597  0.008053
   194/299        0G   0.01823  0.005781   0.01463   0.03864         3       320    0.7433    0.9684    0.9669    0.8185   0.01355  0.003695  0.007947
   195/299        0G   0.02016  0.006239    0.0162    0.0426         2       320    0.7552    0.9686    0.9671    0.8331   0.01147  0.003668  0.007862
   196/299        0G   0.01835  0.005672   0.01449   0.03852         2       320    0.8448    0.9684    0.9676    0.8383   0.01244  0.003592  0.007753
   197/299        0G   0.01849  0.006191   0.01642    0.0411         2       320    0.8467    0.9688    0.9673     0.839   0.01023  0.003577  0.007864
   198/299        0G   0.01677  0.005597    0.0141   0.03646         2       320    0.8475    0.9688    0.9675    0.8501  0.009767  0.003531  0.007746
   199/299        0G   0.01711  0.005747   0.01464    0.0375         2       320    0.8462    0.9685    0.9678    0.8264   0.01017  0.003542  0.007658
   200/299        0G    0.0185  0.006494   0.01527   0.04026         2       320    0.8535    0.9684    0.9676    0.8291   0.01046  0.003533  0.007562
   201/299        0G    0.0179  0.006712   0.01595   0.04056         2       320    0.8585    0.9686    0.9675    0.8111   0.01037  0.003533  0.007487
   202/299        0G    0.0172  0.006143   0.01379   0.03713         2       320    0.8559    0.9687    0.9675    0.8617   0.01025   0.00354  0.007461
   203/299        0G   0.01896  0.007163    0.0166   0.04272         2       320    0.8527    0.9686    0.9678    0.7822   0.01241  0.003538  0.007386
   204/299        0G   0.01858   0.00615    0.0145   0.03923         2       320    0.8498    0.9685    0.9676    0.7363   0.01254  0.003608  0.007348
   205/299        0G   0.01857  0.006251    0.0146   0.03942         3       320    0.8341    0.9688    0.9674    0.8316   0.01134   0.00358  0.007214
   206/299        0G   0.01839  0.005959   0.01511   0.03946         2       320     0.866    0.9688    0.9675    0.8493    0.0108  0.003549  0.007062
   207/299        0G   0.01884  0.006235     0.016   0.04108         2       320    0.8645    0.9688    0.9669    0.7564   0.01331  0.003586   0.00708
   208/299        0G   0.02005  0.005989   0.01364   0.03969         2       320    0.8303    0.9688     0.967       0.8   0.01151   0.00361  0.006982
   209/299        0G   0.01923  0.006126   0.01436   0.03972         4       320    0.8431    0.9688    0.9668       0.8   0.01171  0.003592  0.006966
   210/299        0G   0.01954  0.006782   0.01627   0.04259         3       320    0.8271    0.9688    0.9669    0.8323   0.01144  0.003635  0.006979
   211/299        0G   0.01918  0.006372   0.01654   0.04209         2       320    0.8595    0.9684    0.9689    0.8584  0.009773  0.003525  0.006893
   212/299        0G   0.01729  0.005559   0.01249   0.03534         2       320      0.86    0.9683    0.9685    0.8265  0.009904  0.003515  0.006867
   213/299        0G   0.01736  0.005939   0.01387   0.03717         2       320    0.8729    0.9685    0.9685    0.8182   0.01044  0.003544  0.006819
   214/299        0G   0.01754  0.005701   0.01289   0.03613         2       320    0.8781    0.9688     0.967     0.861   0.01054  0.003532  0.006827
   215/299        0G   0.01858  0.005965   0.01343   0.03797         2       320    0.8626    0.9683    0.9685    0.8008   0.01317  0.003644  0.006915
   216/299        0G   0.01812  0.006002   0.01389   0.03802         2       320    0.8614    0.9688    0.9674    0.8524   0.01101  0.003558  0.006905
   217/299        0G   0.01967  0.006311   0.01505   0.04102         2       320    0.8218    0.9688    0.9677    0.8114   0.01126  0.003559  0.006809
   218/299        0G   0.01859  0.006146   0.01438   0.03912         2       320    0.8532    0.9687     0.967     0.881    0.0102  0.003518  0.006834
   219/299        0G   0.01974  0.006565   0.01525   0.04156         3       320    0.8525    0.9684    0.9673    0.8726  0.009923  0.003457  0.006786
   220/299        0G   0.01671  0.005859   0.01392   0.03649         2       320    0.8566    0.9687    0.9675    0.8493  0.009199  0.003435  0.006743
   221/299        0G   0.01682  0.005321   0.01246    0.0346         2       320    0.8735    0.9688    0.9675    0.8204   0.01007  0.003483  0.006624
   222/299        0G   0.01726  0.006152   0.01533   0.03874         5       320    0.8424    0.9688    0.9673    0.7695   0.01098  0.003394  0.006737
   223/299        0G   0.01863  0.005909   0.01343   0.03797         5       320    0.8247    0.9688     0.961    0.7394   0.01352  0.003382  0.006763
   224/299        0G   0.01898   0.00623   0.01468   0.03989         2       320    0.8573    0.9688    0.9675    0.8379   0.01007  0.003312   0.00672
   225/299        0G   0.01738  0.006213   0.01469   0.03828         2       320    0.8795    0.9688    0.9676    0.8461  0.009377  0.003302  0.006665
   226/299        0G   0.01609   0.00588   0.01206   0.03403         2       320    0.8624    0.9688    0.9684    0.8177   0.01036  0.003315  0.006554
   227/299        0G   0.01665  0.005584   0.01256    0.0348         2       320    0.8868    0.9688    0.9673    0.8191   0.01007  0.003267  0.006463
   228/299        0G   0.01653  0.005797   0.01208   0.03441         8       320    0.8848    0.9688    0.9673    0.8996  0.009863  0.003277  0.006389
   229/299        0G   0.01833  0.005729   0.01394     0.038         5       320    0.8852    0.9686    0.9674     0.812  0.009947  0.003324   0.00636
   230/299        0G   0.01651   0.00553   0.01324   0.03528         2       320     0.897    0.9685    0.9672    0.8159   0.01005  0.003349  0.006207
   231/299        0G   0.01676  0.005595   0.01233   0.03469         2       320    0.8981    0.9685    0.9672    0.8285  0.009553  0.003314  0.006194
   232/299        0G   0.01467   0.00556   0.01173   0.03195         2       320    0.9044    0.9688    0.9674    0.8514  0.008896  0.003355  0.006196
   233/299        0G   0.01698  0.005898   0.01329   0.03617         2       320    0.9073    0.9688    0.9675    0.8289   0.01005  0.003326  0.006139
   234/299        0G   0.01806  0.006274   0.01342   0.03776         3       320    0.9024    0.9684     0.968    0.8317  0.009723  0.003332  0.006103
   235/299        0G   0.01563  0.005597   0.01159   0.03281         2       320    0.8642    0.9688     0.968    0.8307   0.01063  0.003374  0.006105
   236/299        0G   0.01748  0.006094   0.01404   0.03762         8       320    0.8931    0.9683    0.9672    0.8202   0.01061  0.003424  0.006108
   237/299        0G   0.01606  0.005559   0.01201   0.03363         3       320    0.8909    0.9688     0.968    0.8128  0.009665  0.003419  0.006085
   238/299        0G    0.0174  0.005929   0.01409   0.03741         2       320    0.8966    0.9687    0.9681    0.8134   0.01034  0.003397   0.00597
   239/299        0G   0.01645   0.00607   0.01306   0.03558         2       320    0.9047    0.9688     0.968      0.85  0.009967  0.003378  0.005914
   240/299        0G   0.01584  0.005434    0.0118   0.03308         3       320    0.9081    0.9688    0.9675     0.839  0.009132    0.0034  0.005865
   241/299        0G   0.01761  0.005688   0.01195   0.03524         2       320    0.8636    0.9683    0.9683    0.7896   0.01115  0.003415  0.005872
   242/299        0G   0.01678  0.005948   0.01252   0.03524         5       320    0.8949    0.9686    0.9681    0.8442  0.008568  0.003277  0.005877
   243/299        0G   0.01532  0.005721   0.01203   0.03306         2       320    0.8978    0.9683     0.968    0.8742  0.009097  0.003282  0.005842
   244/299        0G   0.01769  0.006242   0.01375   0.03768         2       320    0.8972    0.9685    0.9681    0.8598  0.008494  0.003245  0.005834
   245/299        0G   0.01602  0.006035   0.01384   0.03589         2       320    0.8936    0.9688    0.9675    0.8316  0.008731  0.003251  0.005898
   246/299        0G   0.01661  0.005375   0.01151    0.0335         2       320    0.8958    0.9687    0.9675    0.8731  0.008903  0.003319  0.005832
   247/299        0G   0.01652  0.006082   0.01398   0.03658         2       320       0.9    0.9688    0.9681    0.8927  0.008319  0.003245  0.005871
   248/299        0G    0.0163  0.005855   0.01275    0.0349         5       320    0.9042    0.9687     0.968    0.8555  0.008883  0.003277  0.005835
   249/299        0G   0.01787  0.006529     0.014    0.0384         2       320    0.9059    0.9687    0.9667    0.8182   0.01042  0.003272  0.005792
   250/299        0G    0.0171  0.006165    0.0129   0.03617         2       320    0.8996    0.9688    0.9683     0.835  0.009381   0.00331  0.005711
   251/299        0G   0.01695  0.006025   0.01496   0.03793         2       320    0.9014    0.9688    0.9694     0.861  0.008453  0.003284  0.005571
   252/299        0G   0.01644   0.00555   0.01209   0.03408         2       320    0.8923    0.9688    0.9679     0.846  0.009557  0.003302  0.005682
   253/299        0G   0.01677  0.005578   0.01271   0.03506         2       320    0.9043    0.9688     0.968    0.8348  0.008832  0.003265  0.005593
   254/299        0G   0.01588  0.005865   0.01305    0.0348         2       320    0.9066    0.9688     0.968    0.8804  0.008217  0.003244  0.005485
   255/299        0G   0.01641  0.006195   0.01408   0.03669         4       320    0.9046    0.9688    0.9683    0.8792  0.008411  0.003223    0.0055
   256/299        0G   0.01729  0.005785   0.01391   0.03699         2       320     0.913    0.9688    0.9696    0.8912  0.008408  0.003245  0.005451
   257/299        0G   0.01591  0.005949   0.01241   0.03427         2       320    0.9161    0.9688    0.9673    0.8829  0.009703  0.003309  0.005535
   258/299        0G   0.01633  0.005776    0.0116   0.03371         2       320     0.923    0.9688    0.9688    0.8104   0.01001  0.003339  0.005519
   259/299        0G   0.01632  0.005405   0.01268   0.03441         2       320    0.9162    0.9688    0.9688    0.8003   0.01101  0.003307  0.005511
   260/299        0G   0.01781   0.00635   0.01464    0.0388         3       320    0.9248    0.9688    0.9696    0.8362  0.009139  0.003266  0.005523
   261/299        0G    0.0161  0.005505    0.0125   0.03411         2       320     0.922    0.9688    0.9673    0.8772  0.008626  0.003224  0.005473
   262/299        0G   0.01558   0.00587    0.0122   0.03366         2       320    0.9139    0.9686    0.9671    0.9066  0.008582  0.003204  0.005427
   263/299        0G   0.01607  0.005394  0.009876   0.03134         5       320    0.9195    0.9688     0.968    0.8689  0.008081  0.003201  0.005376
   264/299        0G   0.01436  0.005733   0.01216   0.03225         3       320    0.9181    0.9688    0.9671    0.8523  0.008272  0.003196  0.005337
   265/299        0G   0.01569  0.005711    0.0113    0.0327         2       320     0.922    0.9688    0.9696    0.8826  0.008386  0.003202  0.005236
   266/299        0G   0.01625  0.005997   0.01182   0.03407         2       320    0.9234    0.9686    0.9673    0.8657  0.008781  0.003215  0.005164
   267/299        0G   0.01519  0.005727   0.01249   0.03341         2       320    0.9197    0.9688    0.9675    0.8375   0.00943   0.00324   0.00512
   268/299        0G   0.01663  0.005952   0.01341   0.03599         2       320    0.9185    0.9688    0.9673    0.8259  0.008768  0.003239  0.005171
   269/299        0G   0.01556  0.005777   0.01254   0.03387         2       320    0.9213    0.9688    0.9674     0.875  0.009001  0.003179  0.005095
   270/299        0G   0.01605   0.00569    0.0119   0.03365         2       320    0.9265    0.9688    0.9683    0.8552  0.008806  0.003168  0.005113
   271/299        0G   0.01619  0.006175   0.01238   0.03475         2       320    0.9252    0.9688    0.9684    0.8773  0.008415  0.003182  0.005121
   272/299        0G   0.01593  0.005283   0.01126   0.03247         5       320    0.9236    0.9688    0.9674     0.814   0.01061  0.003273  0.004983
   273/299        0G   0.01756  0.006389   0.01476   0.03871         3       320     0.917    0.9685    0.9692    0.8526   0.00948  0.003255  0.005039
   274/299        0G   0.01538  0.005456   0.01165   0.03249         2       320    0.9198    0.9685    0.9686    0.8768  0.007971  0.003212     0.005
   275/299        0G   0.01508  0.005781   0.01221   0.03307         2       320    0.9195    0.9682    0.9683    0.8541  0.008711  0.003205  0.004946
   276/299        0G   0.01592   0.00557   0.01293   0.03442         2       320    0.9179    0.9688    0.9684    0.8556  0.008294  0.003246  0.004895
   277/299        0G   0.01622  0.005688     0.013   0.03491         2       320    0.9158    0.9688    0.9672    0.8658  0.009115  0.003219   0.00489
   278/299        0G    0.0163  0.005345   0.01118   0.03283         3       320    0.9124    0.9684    0.9674    0.9111  0.008141  0.003174  0.004885
   279/299        0G    0.0155  0.005595   0.01236   0.03346         2       320     0.917    0.9686    0.9674    0.8736  0.007897  0.003191  0.004794
   280/299        0G   0.01445  0.005106  0.009878   0.02944         2       320     0.922    0.9682    0.9681    0.8972  0.007685  0.003191  0.004785
   281/299        0G   0.01679  0.005749   0.01299   0.03554         2       320    0.9249    0.9686    0.9694    0.8475  0.008636   0.00318  0.004861
   282/299        0G   0.01493  0.005364   0.01016   0.03046         2       320    0.9302    0.9685    0.9699    0.8618  0.008444  0.003215  0.004796
   283/299        0G   0.01659  0.006097   0.01252   0.03521         5       320    0.9271    0.9688    0.9699    0.8767  0.008431  0.003249  0.004804
   284/299        0G   0.01537  0.005559   0.01178   0.03271         2       320    0.9321    0.9683    0.9702    0.8775  0.008409  0.003252  0.004758
   285/299        0G    0.0158  0.005647   0.01178   0.03322         3       320    0.9329    0.9688    0.9709    0.8724  0.008093  0.003177  0.004744
   286/299        0G   0.01686  0.006268   0.01283   0.03596         2       320    0.9323    0.9688    0.9705    0.8416  0.008877  0.003185  0.004715
   287/299        0G   0.01582  0.006102   0.01441   0.03633         2       320    0.9308    0.9687    0.9686    0.8769  0.008251  0.003172  0.004647
   288/299        0G   0.01582  0.005638   0.01163    0.0331         2       320    0.9274    0.9688    0.9674    0.8881  0.008343  0.003253  0.004702
   289/299        0G   0.01439    0.0055    0.0121   0.03199         2       320    0.9274    0.9688    0.9675    0.9107  0.008512  0.003239  0.004693
   290/299        0G   0.01577  0.005534   0.01092   0.03223         2       320    0.9301    0.9688    0.9699     0.818  0.009916  0.003258  0.004602
   291/299        0G   0.01731  0.006039   0.01281   0.03616         2       320    0.9325    0.9688    0.9699    0.7926   0.01012  0.003311  0.004569
   292/299        0G   0.01617  0.005935   0.01107   0.03317         2       320    0.9331    0.9688    0.9705    0.7921  0.009661  0.003338  0.004551
   293/299        0G   0.01686  0.005866   0.01143   0.03416         5       320    0.9295    0.9688    0.9709    0.8782   0.00803  0.003277  0.004497
   294/299        0G   0.01725  0.005977   0.01218    0.0354         2       320    0.9189    0.9686    0.9702    0.8856  0.008522   0.00329  0.004542
   295/299        0G   0.01496  0.005902   0.01211   0.03297         2       320     0.919    0.9683    0.9702    0.8963  0.007614  0.003214  0.004523
   296/299        0G   0.01476   0.00541   0.01141   0.03158         4       320    0.9298    0.9688    0.9699    0.8709  0.009058  0.003223  0.004405
   297/299        0G   0.01754  0.006515   0.01231   0.03636         2       320    0.9339    0.9687    0.9709    0.8842  0.008262  0.003228  0.004364
   298/299        0G   0.01473  0.005062   0.01173   0.03153         2       320    0.9341    0.9684    0.9709    0.8933  0.008046  0.003295  0.004379
   299/299        0G   0.01423  0.005239   0.01136   0.03082         2       320    0.9222    0.9688    0.9702    0.8511  0.009189   0.00332  0.004454
